378
7466
7467
5632
4083
6260
7038
518
2584
6593
3066
7564
7258
7035
6026
6259
2581
4924
7465
8107
691
3393
1420
8703
5528
3753
7671
3208
7254
8694
7647
538
1699
1294
8277
5090
2579
6251
1814
682
4847
6464
1410
929
5408
4489
6420
7634
2177
8254
2421
4914
514
4704
3738
1659
4634
1779
5270
6756
4442
7233
8665
1275
3671
8180
1116
3385
1196
874
9371
3053
790
7559
7029
7452
454
4812
9783
5631
5190
2128
376
5825
79
7366
9881
3594
8589
5361
6372
6846
3499
6227
1598
9695
2385
7785
1383
6949
3190
2780
9576
6690
8081
2983
8806
3867
1037
7878
6143
9107
6022
5515
4590
3971
2694
2887
2292
5728
167
9470
9300
4188
4082
8900
644
9005
1914
4375
8390
9201
6592
5924
1514
4293
8486
2538
3308
9999
7162
2027
5053
7989
272
7032
6700
161
1847
5564
8419
4583
7567
1695
7335
2369
705
9756
4774
1584
3267
7548
1893
1268
8831
3486
3378
2954
6515
6856
7532
9080
7275
9441
8938
3123
22
7763
2455
9276
480
2160
8106
9399
7531
9370
7863
8315
5154
4294
3087
9291
8828
2956
5083
5155
982
6955
3360
1939
4130
8278
8855
9944
5996
3154
4196
7623
3386
7794
4668
8801
2004
6039
3875
2237
5218
3515
5710
9327
6641
8527
5398
5286
2016
2088
9866
6617
7708
5410
4329
9289
1832
6035
719
5006
7627
5098
9659
8480
1749
9828
8679
6677
5423
1480
2152
9180
4371
5243
3098
4281
7588
6656
6190
6365
8719
3903
6076
9701
5872
6554
6560
207
2167
4418
8959
943
9275
9612
7428
4471
146
8799
6993
2859
8966
8622
462
5819
8051
855
8225
7916
2104
3646
8979
6963
6551
8657
8329
9088
8230
862
9561
9592
2403
4303
8274
10
3466
603
2679
591
2323
3759
6804
6576
7448
7292
5654
9983
3505
7720
7997
8786
4052
1230
8856
6263
1406
4792
1485
114
6091
8911
251
7667
7196
2895
8037
6921
6573
8773
7699
1320
1588
9741
6230
5257
6954
4793
6112
5860
7317
7655
7177
7429
8050
9346
3222
4467
2010
1683
8074
8999
5836
8303
7159
2257
275
3204
8616
3616
7318
4723
46
5444
5232
741
4700
4856
2684
1303
1551
1494
4651
4840
4264
5995
4869
2631
9428
1470
8314
3438
3819
8722
6626
3272
7716
2277
1784
5
1021
49
5614
8208
9513
7792
4835
3434
8684
8499
6438
585
873
5678
8705
9953
3242
8009
1613
853
8061
5021
7251
2597
7690
3660
2309
7868
7907
2359
9602
7277
4124
2821
6822
3092
7183
7639
7609
1071
1991
7060
632
7209
5307
55
9249
5365
9418
6594
2064
7769
3639
3020
686
5009
7189
5342
121
2923
8452
1281
565
9139
8509
7657
1503
6370
4566
804
1258
8427
523
3731
3610
5750
3332
4905
8198
9902
8224
5566
3739
1974
8220
8286
5677
531
3764
4139
6577
8152
6252
2990
7558
4948
3312
1664
8526
8173
8019
6122
6377
9290
4779
6075
5095
6775
3600
7449
8222
1722
3390
1665
7372
6477
1504
2649
3652
1288
6952
4511
8820
2451
959
839
4844
8502
9821
678
5258
125
2213
4621
8697
8462
9611
2433
9656
2186
4934
1289
242
4666
8543
1121
3181
9915
362
1263
2567
104
7583
1365
1812
6601
6602
6287
711
3192
4545
4507
9240
8394
4601
7533
7637
8749
530
8299
7385
8150
8301
1185
8414
3058
7783
7441
640
4664
5844
1109
6099
3179
9810
9250
5074
6083
1867
7362
796
3523
9093
6219
2039
5793
2808
2279
6048
8865
4671
5097
5889
6375
7894
4133
6404
3392
2502
8395
5068
2981
5102
2639
7747
6131
2550
2015
4327
4976
5762
7490
8115
2190
4224
2548
2555
3051
9502
14
2573
1953
7116
3021
6907
2576
2578
623
8608
54
3439
4289
1091
9509
2828
5411
2683
7398
3367
2876
2086
6244
3212
2417
2787
1573
3548
3711
4944
7216
6957
6345
854
4427
1645
6574
3109
5818
7479
4782
5390
2299
9989
4466
3429
4725
7347
3539
4947
5079
6239
5271
8418
4576
4454
8337
2114
8742
5356
1463
6918
3640
6277
7836
608
134
6142
5803
4687
1797
5878
4187
3778
3396
6883
3432
8371
6
6481
1780
9251
9712
7316
7376
5242
1414
1803
5956
1092
1879
6040
4482
3394
506
6233
902
7652
8341
1046
642
2035
2543
3485
8451
4780
6410
3897
6516
107
66
4299
4265
2308
6650
5521
5804
1672
5792
5811
6089
9133
656
2564
5873
1712
904
7487
1438
6090
3180
6786
3583
8221
5067
6015
8007
4806
5895
7211
934
7875
4839
939
9572
8756
3484
8079
1296
6901
3822
5955
6791
3366
4846
4110
2848
2523
4016
9566
5972
397
8186
7899
6780
3561
6640
9475
6928
5063
4589
8252
9719
1034
6555
2473
3999
7493
6460
6966
3275
4612
2334
2591
1011
7322
6575
481
193
1389
2927
3096
6652
6977
6461
291
6463
795
9887
3139
5854
159
8941
6456
4193
7579
6767
4215
4500
1113
3431
7862
8047
5855
8758
4658
4532
6582
4618
9357
1427
7272
1468
4147
8209
787
5761
1583
769
2168
1145
3492
7951
7151
3710
2290
1827
2236
3273
7384
347
4816
1755
9671
7726
9796
2301
4009
2800
1126
5536
7285
9537
2542
4951
1122
5209
920
1530
7221
8645
8514
1168
238
5824
1952
9988
1240
5814
5134
8731
6858
6036
9519
4417
4755
4988
3005
7517
1352
1925
4764
5449
9996
4845
1739
6920
818
2425
4665
1334
1322
7438
5513
9389
1775
1737
7845
1627
5403
9349
5499
4810
9310
5551
2037
9464
9455
1311
7601
6284
2656
819
3114
204
3520
3274
9015
4006
5254
5840
8117
9780
9215
1309
7684
6667
1730
8666
7551
8921
7884
4450
4587
1455
260
6474
7364
8698
7803
7861
6196
1159
3257
5777
2565
1453
182
609
574
9262
4390
4852
1269
9339
3271
8242
4486
4636
713
1992
3956
8494
380
2920
5294
2975
4000
8381
2636
888
200
4108
95
6222
684
56
6243
64
7321
3821
2921
7831
7396
5216
6378
793
5966
1841
1422
6536
5927
3766
6020
3175
6466
2894
7019
1926
1687
7738
2134
3876
9556
922
6927
5708
4915
2493
8450
4407
2998
1340
7648
548
5139
9233
5646
7582
9087
7585
7577
7775
7616
2195
8827
4957
5110
6312
6871
590
7348
3633
8867
1825
7610
5736
9557
3599
9323
4815
9883
7069
5578
7210
2314
3847
9529
7566
7393
2216
7615
5753
1924
9644
8473
4030
6753
3829
68
8226
7643
7278
7715
9933
4488
9946
8151
4117
7811
6459
30
5579
6380
7412
2238
498
8508
7573
658
8481
489
4908
8060
3844
3194
1719
8113
2182
7358
2165
5453
6129
3305
4763
9238
8854
3231
927
2146
7213
8721
4258
6609
555
1818
4560
5591
8948
4729
6916
8214
3534
674
2940
624
5574
8360
677
8197
797
8654
8985
216
8647
8236
4968
5418
8130
5193
6876
4029
5197
7055
8223
3478
6424
7611
7572
7598
5028
7852
8248
5108
1002
7703
7745
1864
9678
3243
7331
4352
3358
7883
1025
2444
2453
5143
2201
2532
4054
2410
162
7
7966
5084
5092
9878
8090
1931
7436
6709
1020
390
6163
6212
7403
3836
2909
7549
3338
6255
6327
9952
6525
5568
1505
2058
526
2418
953
9910
441
5842
695
1093
3892
6138
8591
5357
8342
887
8838
5699
4252
45
3828
1923
4940
4814
1552
7375
991
6310
702
3195
4829
6596
4895
6774
4849
9909
4190
5832
4522
4392
2276
8143
9827
9345
5153
1333
9229
6675
3596
2055
5849
2720
5116
759
7003
8725
8276
4824
3283
165
7847
5612
9767
5776
7956
8165
6450
9429
3292
2637
1211
8760
6499
122
9188
6739
474
8000
4611
4775
2529
9261
4437
5549
9447
4406
7689
652
5203
2324
4533
267
4295
1328
4557
1218
3313
9934
3812
409
9696
9056
6989
6280
4975
8535
5419
3490
7002
4706
9791
335
933
2386
2816
7753
2504
8103
7310
8529
7235
2265
4640
4684
4457
5629
8011
5034
9954
989
5719
6606
3076
2491
5314
8229
9223
7914
9476
8477
1587
5659
76
3197
7876
4941
5085
9536
3061
9740
9280
1454
1342
6899
1556
8445
706
5911
1097
3959
3888
1988
9230
5738
8361
8772
524
2834
6941
5940
8
4259
4585
3645
9385
9024
6578
3350
7435
592
3964
831
6771
3514
5443
5161
6917
4344
7562
7590
2562
9742
8262
2258
7425
8586
7330
9157
3705
3820
6281
6132
5618
1371
8297
976
903
919
2977
9650
9416
9145
2003
9376
3955
6311
3547
9873
9627
1680
643
7754
1657
6472
8699
5692
3052
7600
6130
29
3905
9043
7818
1861
2514
3380
1626
1646
7663
5810
3683
7711
1649
5947
4702
4943
7599
8917
9994
1878
310
8794
6084
1628
3706
5727
8513
3835
1636
3845
1597
7654
180
1802
9102
898
4669
1033
4870
502
2798
4397
6900
2546
5821
1848
6049
2818
1574
4745
8213
7245
3225
4209
8743
7999
8860
4001
6884
9507
4125
1053
4659
2474
583
889
9351
3716
1355
169
4578
5376
9911
4672
1679
9438
7214
9394
3741
8735
1616
4894
6204
3077
6710
4984
9872
1586
9205
8293
2103
505
8369
4596
616
3758
8184
9194
1251
7407
2699
217
1667
7804
9094
1811
7608
7958
2285
7897
5795
7197
8680
891
7283
336
5775
4641
5890
6550
8683
7222
5029
1746
3911
5416
5447
9388
8413
4021
8085
2135
339
1768
6256
3216
133
6818
6680
4752
2492
9490
1694
8018
1214
5936
2968
3693
659
57
3595
2795
9350
9329
1721
7188
5399
5394
5658
6985
1284
274
5743
5266
5698
5253
8949
7960
7172
4312
3926
5685
2210
4606
4648
8316
8595
3858
1464
1443
2062
2566
6098
2011
5267
3377
4304
7722
9840
1989
4314
7133
458
8231
6986
7824
2609
6067
8740
218
6059
9658
3878
974
8138
6403
75
3169
5231
2728
1887
9705
497
8385
1782
6755
2942
3122
1630
6213
6713
5214
5087
8119
9912
6749
7739
4570
5119
7404
9020
9136
5235
8449
2087
408
5012
8156
6830
4073
266
7519
532
4571
9065
1940
3572
9006
7089
5615
5088
2102
2173
5567
1571
3924
7605
6485
6693
8324
6607
4556
1702
113
2435
8187
9390
8729
6908
7004
3767
4823
2847
5008
5162
6981
9358
5463
8270
9058
6691
809
4383
2681
5440
9595
6237
1080
4404
425
3445
6877
2226
2806
4424
8939
8343
8114
9945
3185
2100
516
4515
6390
386
5384
2422
5686
8325
7853
3028
4432
1250
2952
7077
4140
2272
2556
4809
4543
4740
4602
4483
2650
346
6032
3475
923
2159
4705
5848
9484
1486
2827
1727
1248
1951
6257
9683
2996
7134
4246
8269
1840
9049
4416
9195
4149
8070
5983
3074
1339
6866
6208
3220
5481
7798
1285
4508
8467
6909
5861
4781
7193
6124
4876
1880
6432
5479
7936
8544
2142
9551
8564
5613
3288
388
7367
7217
123
5212
8542
832
5833
7281
4773
6299
7664
8405
9170
8682
8714
8182
8210
2757
8438
1067
7153
9862
1401
6325
5462
830
3880
8446
7043
9122
8629
3311
6421
5428
8020
1648
9809
8211
7173
4558
8968
265
2464
2712
2318
4484
1778
8864
7780
7252
2275
2651
2668
6533
3868
6945
8658
8902
433
7241
851
227
208
3198
3728
4708
5272
6486
710
7481
9147
9193
1849
1150
8903
4750
2633
7765
7571
5565
1315
4456
5400
138
5813
5988
9751
3106
1249
2007
1068
6074
9066
8554
278
2794
9064
5905
7457
549
5703
1260
3792
709
3167
9739
7844
6716
7166
7150
7127
3524
7640
2958
2185
6166
3117
7391
6807
8026
9181
3256
147
8084
7484
4509
3798
5404
3851
4610
2180
7248
6707
7632
973
8678
2533
3545
3622
7594
1896
1108
478
7244
6028
3621
2890
3138
491
3647
2430
571
7383
1136
8098
910
8676
3540
9328
7882
6234
2356
1082
8776
4351
7370
4994
1372
5138
9707
1496
9207
875
1564
3895
731
4734
3614
7766
8837
1958
7075
1045
6180
7243
4701
4476
2184
5427
2572
8082
9625
5351
126
6571
7142
5383
3391
7994
4572
1546
3811
2638
7860
2883
3617
1917
1673
2824
2879
5010
8643
8579
992
7576
2967
703
3852
9583
9657
1212
8795
8834
7434
9260
2698
1200
8172
9187
2568
3027
4081
7635
957
3407
7378
4911
8171
8398
7219
6765
8306
1495
4368
5774
387
1750
9231
311
8824
5534
4712
653
6298
4907
4993
2951
2484
1691
8817
199
6689
9998
6674
5637
9637
588
1261
5405
5751
1040
7259
8179
1099
8821
1066
5633
1947
1740
2616
2910
8578
6357
1083
1090
9518
718
6189
5729
5794
3694
9040
4280
463
1061
1114
1106
5436
1428
7806
7480
2512
1044
9906
6274
3458
5693
540
2494
3761
4095
8131
3351
9899
2820
5205
6344
8083
3320
3546
6448
2235
6484
9320
5707
7934
7483
8555
2743
9645
8631
8972
4146
6687
3331
6329
9271
4627
886
4176
5603
8393
762
7206
3860
3943
4985
4072
6236
2915
243
2459
4653
6570
1875
4518
1318
2423
4074
9096
6014
3346
8829
3412
3356
7855
7607
7346
9442
6983
7945
6381
5412
1164
761
6795
7584
1631
3799
7748
1119
4513
1921
1178
1143
9322
6610
4831
852
5480
6657
1170
2554
2475
7995
768
1193
9905
3729
32
5374
1023
9922
1098
8980
578
1813
2077
6829
7503
170
5382
6637
1010
6958
6008
9461
7694
5478
4922
7920
4502
4542
6843
4494
8601
5767
3973
407
8244
7413
8576
3168
1158
7817
34
7226
5696
2786
5073
9786
5406
8750
8474
983
402
2441
6105
3512
9155
885
7036
2373
1177
5527
1032
9565
7846
8295
7631
6768
1327
3282
2557
322
6476
2862
9661
7881
5310
9516
4731
4878
5319
4958
6030
3712
9775
1708
8913
6313
7373
2312
5222
4857
5974
101
3707
6535
828
5355
187
8599
9534
646
2042
4716
2860
829
2166
9288
3316
7215
7983
1876
3134
4100
8110
9362
8410
2005
9318
8201
2630
3893
9335
1117
8013
5072
280
515
2861
9489
9308
2137
9863
4192
5716
3049
7835
9549
5694
546
6111
2825
8565
1497
6389
3882
4888
3582
4722
4376
8881
3834
2189
6721
9417
3850
843
6873
1975
988
8005
8192
5748
1800
6800
2378
7998
7586
7874
9364
4185
7597
9277
2837
9413
9117
6391
7807
3755
2485
7961
6638
9795
5903
9338
6238
3176
9314
8219
3188
7508
510
4756
3504
3050
9334
3270
6664
9973
3036
5401
712
4041
876
1824
8603
872
5815
4042
3287
203
9517
8807
3207
6292
692
2944
3772
3046
7856
4384
3034
4308
4841
519
6722
8614
2280
4403
4937
1567
7581
6343
9538
567
4472
4005
5508
9679
7801
1693
2057
1421
3419
3381
3659
8556
742
752
2926
8232
740
7625
2943
3102
5959
6506
6880
4871
4184
2846
6805
3199
7924
6629
7308
781
8512
9535
9274
6526
8652
9757
8440
783
8533
7300
1376
5472
1194
7869
9415
5617
1855
701
7088
1416
726
4534
9993
7110
8503
930
1199
3730
1133
2908
7665
2343
8602
699
4573
8741
8312
4301
3153
754
2773
2925
401
3389
228
8956
4625
7463
4055
5766
4586
5080
2045
7485
2670
87
8984
9684
8027
3166
1751
1905
7518
5943
3487
1130
1000
368
6505
5109
990
9232
7887
5128
5391
8996
3896
2797
1286
9034
5004
5318
2450
1278
3791
7606
7195
1259
5739
5091
7626
8805
3495
8748
1169
4428
2984
4730
1382
6613
9063
7504
4387
1373
3328
7529
7126
6906
6140
760
9298
5050
3623
3846
911
6959
8819
8164
9154
5886
4524
6356
545
8403
6879
5140
2304
6417
4945
9146
82
1945
9333
8605
2420
4880
9226
2395
1392
7397
7270
1307
8747
9721
5498
135
5333
8267
6514
1009
7180
7901
6423
8288
4608
8318
9514
2106
8439
2361
9258
3533
4904
8292
2335
9779
3080
5715
1977
1745
921
7155
6262
2953
5735
2293
7873
7307
8607
6324
2501
6742
4325
9839
5641
9692
6984
3276
3859
185
9761
426
663
1897
7565
2767
2390
7094
6723
868
9038
5058
1189
3981
2153
6203
5166
244
4805
2360
5129
5922
7746
2326
8469
2589
6840
8566
2898
6712
7443
8957
7406
3060
1748
9581
7380
9970
9420
8971
1165
181
4949
4269
7473
7417
3310
5597
9044
3236
9703
1625
5765
4218
9609
8777
1262
6139
507
688
8153
7405
2391
4544
2897
9969
1157
2889
6539
2896
453
4920
9097
5984
6128
2031
5442
5288
6154
424
4654
6678
8161
7782
166
1838
8916
9384
9704
5304
382
8388
7053
3108
6796
6839
4879
7996
7231
5960
2918
1542
8455
9965
9935
962
8811
4893
2446
7021
2398
568
446
4039
1323
6990
2412
8122
1337
6764
9702
736
9799
8849
1115
5925
6164
8615
3155
2009
6878
4744
479
4995
6905
8193
1566
4591
6668
4012
6701
755
6956
4710
3035
6569
2924
6776
9313
2849
8339
3782
4804
4987
2936
4109
2835
2766
9548
1548
2878
1050
8659
2709
8769
9216
2419
4235
9968
8253
6211
1142
7169
9164
300
4162
2383
878
9414
4619
3968
3519
5709
9383
7168
2085
4250
3689
4395
1908
5676
5373
4762
1364
1794
8101
9353
8243
2513
4688
4577
8402
9845
7788
2174
7736
660
2093
8969
1299
5306
2669
9777
7554
6254
6408
9776
6902
3993
9864
8255
3965
9875
1351
2172
9891
6169
6991
1065
3725
1632
2140
8025
9787
3607
7194
3459
4670
3152
493
9200
9101
753
9547
7666
1593
2836
7854
6512
6488
4345
4713
8624
456
2038
9406
9723
956
6654
4324
3777
2325
6328
3848
340
6639
1231
8935
1081
7165
9213
9788
8105
3411
5904
2333
9851
3979
8453
1957
9130
5215
8575
2527
4986
3057
139
6155
501
5042
5626
8689
2655
8877
610
5582
8759
7721
5375
7528
5555
8421
2731
5120
3931
1565
5722
9202
5604
4118
5630
5274
3361
6364
9148
9744
7111
3375
5105
697
176
5071
4966
3488
2274
4501
4233
5581
1141
7085
6489
396
9822
5828
5556
5540
5590
4132
5234
999
1885
1845
5650
8695
405
3337
6181
1446
6556
1270
3291
4225
4020
8100
7642
1608
975
9893
8734
7220
8003
5429
5583
6160
5141
9829
5756
9805
4007
4902
2758
3734
9844
7580
2129
6147
1271
5176
863
3091
5175
1374
6604
7208
443
28
5178
3947
4381
9991
9456
6549
4493
9016
954
377
6632
8261
5136
4850
6314
3601
3250
5117
9008
5973
3476
9169
2598
8144
3309
788
1001
8809
965
5152
2719
6750
2017
9607
2240
4555
7539
8420
901
5187
9575
6406
2030
3326
7624
6383
5885
5994
7228
7550
7561
2871
687
6743
2121
490
2079
2117
6630
9095
7112
2107
5829
7020
174
1707
5577
5181
3609
8785
2796
2722
6073
1429
2080
1375
3107
7143
3697
5740
4607
2116
7965
9762
7309
1398
2438
6156
8448
3532
2941
2050
2105
18
1338
6715
2063
6806
8392
2115
1341
9885
7450
1728
6451
8940
96
6171
5392
2078
421
3923
7520
6167
2124
8476
4449
6572
8212
6300
5135
324
1202
285
9118
625
3223
5186
7287
7500
9964
326
359
283
5349
282
3957
9760
333
5958
471
5256
5011
8032
4354
1762
1377
1479
292
4978
3447
3115
8059
419
2919
3562
5255
3494
8866
4123
9458
5820
9685
4382
53
8282
7959
323
77
3673
9598
7229
499
5054
3571
1407
8328
7767
8775
9972
9971
6415
8300
8848
334
1910
5580
6976
7737
177
4247
3872
8553
381
8600
8344
7509
9758
9662
4803
925
1607
4019
1221
2805
7299
5624
5796
8559
3969
6308
4098
4234
2648
3289
3853
6511
5939
2084
7613
1877
1186
5788
8468
4120
1409
9720
6595
5817
1039
808
4326
3206
5752
2807
5379
890
261
4506
5281
8534
7176
9199
5948
4211
9670
279
5773
1547
5516
4909
5797
5013
8137
6409
7008
5747
5931
8285
2374
8495
2742
5957
8354
420
7589
2505
4977
6210
2154
5757
1192
1390
9582
4288
5755
1209
7178
8428
5802
5869
7691
5798
4790
7661
2305
3042
1716
6940
3930
7698
5142
9297
2302
8562
447
2416
9811
83
4783
821
7933
9115
7118
9427
6924
9896
4050
9759
2147
1242
968
3210
6374
7415
4084
2528
3674
717
1704
3713
8353
8330
4931
8623
5835
1140
3564
7207
4523
4062
6388
9284
3577
7267
41
5019
8488
8899
6615
74
5362
400
70
6218
666
8429
2574
5018
5598
7692
6815
7925
8597
4148
342
9403
71
5941
2522
9874
7770
2242
5667
8642
7339
1030
5539
6044
589
3598
4766
7964
7612
6885
6729
3921
1026
8571
5055
3770
8457
7323
237
5978
7087
7269
4138
2727
7343
6772
3365
6144
2809
7823
7315
2217
4588
5808
2145
9495
5621
9743
1077
4394
3949
7341
7337
2022
977
7023
9913
6316
8560
3651
7488
7140
3966
1368
1962
7190
9179
9128
5623
5229
8355
7774
612
909
8842
2367
622
5293
7700
4111
2903
379
1553
7662
8628
7294
7338
4564
1979
5096
6003
7360
1915
8641
432
1244
654
2472
3800
431
7591
4861
2558
12
9869
4682
7800
171
5495
4377
8981
5185
6740
5601
6217
9113
9725
9532
5191
3262
9798
9837
4463
4399
1298
44
2544
4164
9830
8086
2868
5482
7859
3004
4037
6110
1305
8102
8338
31
3568
9545
2823
7073
961
8630
9733
1544
1435
9793
13
785
9879
5720
9861
3632
1222
5100
7274
6133
527
3214
580
8263
7935
9285
8688
5150
9806
679
5464
2171
7167
4089
655
766
7418
5851
3544
3044
3551
5261
6480
3550
849
3140
3543
8893
7152
2776
3119
9494
6338
4087
2278
3503
7164
6785
1125
2132
614
6029
4183
4510
6904
3507
3833
3757
1190
6340
8327
9252
724
667
1604
430
9623
1085
4853
6649
4528
9718
3078
2073
9931
3986
8305
3856
4179
6387
8104
7815
4605
7784
3215
2197
1904
6162
8422
2790
5040
5113
6184
2813
4313
2428
2857
8157
1666
7795
892
1380
17
7714
4785
9639
65
1895
3631
86
8218
3141
7109
1243
6583
9452
1056
1529
7320
5787
8815
1731
8380
1052
1314
7885
3030
9245
8561
7064
2400
1706
1830
3298
158
3732
8573
8531
6760
6205
8908
7459
4459
5932
7439
4496
1267
4584
805
6315
2687
1182
4266
8139
476
1976
575
1078
6495
8572
3472
2454
8522
9501
1079
561
4210
8723
8154
286
4707
1265
7430
5760
3064
8816
8504
5496
5172
488
2209
4637
7033
2663
8510
7793
1536
8744
3740
784
8708
8922
7471
4862
5163
2744
5014
6584
8882
4642
985
9499
1197
6734
9067
5132
8947
5334
1881
9804
7103
9217
6625
4930
4346
4180
9270
9797
5182
7340
5341
4011
2206
4075
6887
5950
7329
8259
5144
3357
7336
9512
4982
2714
468
2869
5317
7791
6962
2804
3570
4617
5305
1792
778
5424
6447
4414
8574
6988
3302
1084
245
5069
2717
5714
5221
2239
6397
8793
8662
1806
4929
1456
2295
5437
4420
1060
1720
5049
6360
3932
4485
6087
4035
5041
586
6188
1929
3887
3904
2148
5733
9098
9225
8280
2928
1540
8587
569
4063
7218
1430
9430
3125
9663
1620
6194
7117
7293
8336
6283
2436
2313
6242
1129
5867
5207
3604
9124
299
2770
4743
5544
9711
6342
4751
5725
6487
1590
6307
6532
9054
5619
8382
7044
8326
9027
7059
6508
7000
1173
3629
897
6789
6960
6278
6823
6331
7834
8174
6418
7843
2511
6309
6268
779
4038
7491
4631
6240
4340
9149
198
4600
148
1385
4989
2259
457
1238
765
7521
4791
1019
4562
5123
1969
4866
8511
9951
5081
8189
3306
500
9784
6798
8411
1850
7719
2358
4972
427
4013
3111
2223
2460
9419
5531
5843
6334
7949
4932
4194
657
6407
5037
9227
9688
6828
7537
5921
6894
9485
6341
9453
1817
9129
803
3638
4822
9125
6766
8046
7735
9099
2241
4886
8456
325
3661
6790
2643
6088
8289
4561
9153
8779
9140
8841
2845
486
2033
5611
6748
2506
6817
1517
4827
4330
9454
69
2448
9404
1138
4553
5488
7727
6849
3457
3401
7538
7005
4622
78
1658
1973
3606
3444
6146
8478
1696
2850
8648
7458
4355
3433
8215
469
3496
641
8667
3404
5812
8545
1057
3421
763
7501
8627
2629
3426
9781
2477
8273
9930
3483
9907
72
2740
780
4232
3261
861
3624
3430
1395
1771
2867
3443
5642
8296
4828
8045
587
406
6013
4539
2482
3397
4161
1195
5506
2170
6021
6025
1528
8178
3474
6968
3398
7432
2817
958
4423
4733
5414
9825
4343
8240
6827
105
4825
3724
6279
1481
9950
5339
1329
2340
2399
5165
7198
4070
110
3708
8279
2041
5675
6293
4992
7697
2260
8367
6914
4090
9599
321
3196
4044
7830
2974
8021
4240
2966
6097
4248
6302
295
7622
4433
6588
3219
4784
6816
2429
1635
5647
4538
3630
6636
247
5687
4503
257
4017
2495
5874
3422
4521
2957
4310
9860
4228
9009
1350
3247
6727
3112
249
7024
2076
7390
7440
4699
8356
3410
7102
8304
6186
8370
7049
6658
154
2510
4918
4464
6809
1950
5432
7982
9649
63
6867
2251
7141
4174
6579
7007
7991
5039
7311
895
2029
4189
1569
4166
4499
1227
8077
5923
9082
8967
2287
1128
3033
5452
4579
7937
8612
5194
1793
8463
9596
4767
9172
5275
1592
1956
5204
9546
6159
2726
2094
248
2870
5283
9134
6673
341
2261
258
7890
9026
4103
5789
1650
577
7900
9278
1492
8294
8498
1550
9820
5894
450
7477
993
7980
5545
4717
6939
5942
4939
2892
2054
1400
8995
5706
3747
9012
2162
3806
4088
4765
6886
8909
6754
1239
4650
9560
4
7570
9667
7255
1171
3244
1474
926
3045
2123
3043
9036
8960
4360
4105
9669
8204
2678
9617
4217
9932
9603
5627
4328
8038
9412
8454
4115
8041
1633
5360
7408
8368
5915
694
3855
6926
2061
3116
9312
1776
7932
811
3349
2730
3265
9203
2575
1484
696
152
7040
1031
2721
153
3773
5413
9638
5494
9023
3879
9763
9676
9724
928
8375
1176
5358
3746
1362
2065
5036
6297
948
570
9379
5487
1412
7086
4036
4199
9594
3290
1387
2066
1440
9630
5511
3211
708
8892
1543
6269
9838
3344
2483
2437
8416
9584
3843
250
9257
2447
6623
5910
318
661
4331
2607
673
801
2387
5151
6559
6141
2749
7842
8441
6964
477
1415
1183
3818
8780
8357
9391
1711
7981
3830
9574
7789
1491
6797
4580
3427
6724
2332
43
8717
2303
3569
9003
4393
9792
2366
2561
8163
1394
7081
7979
1148
1146
2224
4535
9221
4116
6598
6031
2320
4497
8399
3960
2826
2368
5870
9431
4051
5572
4458
6332
7199
3994
4113
4547
9192
42
7696
7424
4398
8702
8613
662
487
1601
5809
3230
2856
7776
1369
7764
7732
1678
2234
967
3933
8563
4159
7693
6892
3613
5417
7050
5260
1506
1206
2204
2294
7762
8738
1003
7777
3364
6557
7910
2392
6841
319
4455
7268
1449
5573
9735
3473
2049
4696
1527
5259
4129
9955
363
3563
3032
8942
8500
8823
3549
9826
7620
9846
4106
7676
997
9652
3950
1752
6758
2886
2793
5853
9766
1562
9691
467
7918
3082
4421
191
2765
6660
5223
6449
6065
5268
417
5320
8727
9533
4365
3200
2191
3258
7546
5477
4551
966
1589
1149
1257
971
3733
6542
5035
235
6149
767
9116
5367
7680
115
1360
9850
3962
7511
5133
7621
9488
7468
5670
3136
2540
1437
6306
4595
3922
7163
8778
8993
5127
7265
5224
1331
1304
1944
8713
9086
6513
9078
5340
2101
3193
3585
9687
1127
6864
6241
9847
3184
668
1330
1378
4983
893
5475
2207
8850
3022
5576
5871
4860
3615
7734
9668
7879
1557
8532
562
461
1181
6330
4789
1661
2047
1247
4565
1379
7682
8235
5330
2357
7039
8675
4317
8384
4114
6612
7101
9923
2662
2225
23
5954
8704
2768
3121
1754
3774
5834
5236
6895
2906
9085
5174
2164
9141
3942
6642
1959
8247
8404
7786
1096
3813
5763
5421
2463
4559
1563
6882
8724
5241
584
4043
6223
3692
9629
2628
5497
3662
8661
6371
9624
8958
2389
6915
6872
6473
8891
9259
9135
4887
8391
1295
6009
8904
6517
4300
9636
9648
544
1868
6173
6398
5002
5020
8606
1894
5104
6580
1276
528
8546
332
2677
1386
9028
7649
1008
1424
9904
5378
2012
4207
6195
3468
9651
6826
6922
7475
175
2913
3086
8185
9472
4145
5397
24
5863
8028
442
3985
1690
6507
3124
3142
2551
1132
3182
8002
1208
4128
93
8926
8281
3528
8859
6925
918
825
1283
124
1729
7074
1932
197
6096
6534
1903
259
693
3165
2545
8919
9178
2157
6462
3120
3743
7510
364
525
5173
8203
7974
273
935
3137
5602
5211
9803
9477
5822
3912
7093
6618
9032
4160
5189
1541
987
1651
2582
2521
2788
8674
6228
4891
1686
1933
554
8190
9992
4010
4517
3133
8148
725
3099
6862
9425
8994
6425
4018
8863
960
995
2013
5210
8923
7301
5369
2882
9344
5262
883
8069
1436
294
1851
4094
2341
7416
8598
2432
6004
7288
2711
2264
2188
541
4144
4057
7527
5359
7505
3498
5431
1184
1816
4440
1370
8075
6784
1439
3531
4901
6248
4056
8155
9686
6232
1685
739
9722
7950
8149
1229
3327
3810
2732
7186
394
579
2802
2476
9035
9220
4739
1655
723
2342
2755
2772
6540
3538
6850
2151
6978
9640
9552
4652
3428
3277
5003
4807
1457
8552
1710
7810
2763
8010
9039
6589
4385
9332
7701
8875
7808
6301
5220
1059
9714
3467
9496
5230
2764
4973
6106
4477
5184
6851
4058
9483
9506
190
9515
9559
8415
6947
6982
4004
8430
611
8058
8191
9577
7898
2099
5697
8241
6891
9642
482
1767
4119
5282
4554
8249
6134
7768
5742
6653
4635
3722
7431
6808
5799
4686
7752
7079
1654
3164
1282
4569
6209
1363
2667
6720
665
7476
7342
4832
4875
4820
33
4092
9558
4040
2426
9867
6104
1744
8518
4761
8528
1447
9555
1854
3416
440
1361
4342
3003
1534
6717
2600
1156
1902
9106
4711
2696
9242
2133
8886
3698
2081
7633
3420
4582
2819
7137
5558
7630
246
7138
2739
3584
6672
2060
6670
6703
5409
8965
1995
1123
602
6107
5652
3254
5059
6631
4475
9900
6399
7068
2499
7095
3229
4282
7653
1916
7560
7544
150
7678
9500
9706
1332
3779
3441
6267
7058
8200
343
3363
3513
2222
9859
6682
8272
8878
2746
9877
9480
1521
8763
7284
5990
2950
4460
4971
5800
2985
3162
2404
366
6648
3978
4445
1949
5510
8894
7651
7912
9478
8089
1829
3454
1112
8782
4436
2907
1124
5991
5571
9292
6333
2246
7507
4061
7673
4694
2931
410
4158
109
3355
4505
8687
8746
2352
4448
6077
2317
9819
3670
8524
7447
8017
8378
2498
8053
9628
2362
5170
4613
1769
9736
630
7078
4049
6681
5337
8423
6762
7993
5586
1820
6913
2221
9785
4998
3816
9317
647
4838
1500
9161
8023
7569
7344
5368
4283
9778
9294
716
2161
1623
6071
7250
3163
8040
6250
5669
8066
4150
1007
8982
6066
4216
4811
7314
7523
7536
1458
1987
2364
8024
6446
7279
8377
4498
5622
1155
1994
6911
5866
4681
1147
5321
9520
5451
8621
6684
3031
3751
2298
2672
1038
1319
1220
3333
7903
2541
2509
5585
7224
1466
4697
3586
8004
7816
8918
9343
1144
2980
5198
35
5016
700
1970
8352
6206
2959
2947
344
1043
5070
9311
5900
2978
2785
3719
373
2972
7135
8551
998
7419
3233
564
7650
9916
3448
3440
6706
2048
3861
5461
2961
9635
5588
9956
7944
6671
8830
5438
6319
8710
845
2963
9004
6853
879
4680
4890
881
1619
1357
631
6092
932
3954
6938
3088
2914
5914
4446
7174
7645
9471
2960
3675
1582
6318
2508
9304
6548
9924
7751
8581
6496
8895
5336
1291
2231
2179
4028
2365
4023
7327
800
2471
90
1418
385
9158
8465
2470
8290
1961
2930
2935
2619
3301
4865
7761
9138
8767
80
5901
8800
8752
7619
7352
4008
8588
9997
2406
6172
9525
1051
293
9037
8485
3557
3669
2393
1801
5015
6136
7563
6538
1927
9047
553
9586
3749
3721
8042
8234
9247
8087
7677
9982
5329
8015
8739
8781
6814
6354
7713
8195
8761
4504
8768
8857
4514
4996
7749
8718
2024
1172
8233
9690
229
2291
8175
2028
5887
9521
3648
383
9048
5505
3018
4059
3269
5691
6763
8762
2097
5228
7773
8523
8970
9055
6659
6683
1507
4913
551
112
6120
4748
3664
8650
6692
3663
2208
7674
393
6923
941
955
7472
5965
1498
320
4771
1343
5126
6135
2434
5522
6339
2640
5454
7160
1863
3864
6335
9224
798
3854
4257
3788
4581
3768
9189
3668
6541
2095
5387
6587
8177
689
8442
4597
6439
375
1245
3011
8055
7063
2330
6483
4268
1770
6051
5145
3996
1787
3605
563
2745
9553
2507
4916
4826
4206
9868
7456
5199
3126
3714
271
5082
3857
7469
6697
3787
5514
3203
1799
201
2059
6987
730
9568
9084
907
1798
2243
2289
1652
289
900
9076
5557
8466
9352
3940
3329
3786
3502
1839
6353
4347
9677
9068
1006
8550
3781
4227
792
7911
5240
3297
3187
355
472
3105
1076
5648
8099
8116
7276
395
8836
9445
2811
5122
2645
4550
1004
4359
2215
9738
1653
3160
2075
970
3471
1937
1519
7535
6527
5239
4127
5048
1391
7052
1266
4157
4201
942
1027
2851
8096
5934
6910
3221
8359
3202
5823
9212
7725
4649
6896
9120
5560
2530
4048
4568
9019
5937
3565
6384
2792
5584
189
5599
4563
4961
6686
5183
3967
4422
2409
1018
8501
3234
7232
5213
8332
6948
7266
1475
418
4167
4685
3720
5759
1642
9849
3237
969
3987
5149
5730
3
5137
690
4284
4315
1882
3009
850
3899
981
3884
3984
4173
5550
5101
7512
6428
4408
1688
8120
6518
449
2149
1297
6661
9871
7919
9894
9522
89
3372
9765
707
6497
1290
4548
7371
4813
613
639
7840
4181
6081
8447
7825
3446
3775
1175
8696
4370
7302
1698
6761
820
8383
950
8068
1452
6379
7877
6759
2269
73
9903
7359
4386
2784
615
3281
3703
539
2537
5610
6792
4673
9643
6179
7303
2025
7988
2316
1236
7282
750
2676
2612
9021
6108
2196
2040
151
9443
1644
7070
4024
4357
4481
4492
2841
6176
7313
6621
2232
6794
1042
7837
8123
1862
16
7858
5979
7973
6355
7516
9219
7839
102
6971
8580
2756
3776
4277
7006
1397
2175
4991
5883
7534
6903
2355
4350
5916
230
3898
3213
4540
1539
860
6600
4267
281
7253
149
399
6492
807
8693
1180
7733
9618
3315
7104
2965
8640
2617
2344
4131
3026
1174
7675
1689
2864
3041
9715
2962
1993
8054
8973
1874
7938
6336
9588
5600
358
9126
3010
7556
3245
814
6068
6121
4142
5724
195
3842
3997
429
3723
3542
517
9918
4027
127
7670
5726
4191
9267
2777
8733
4933
6093
751
5690
6863
3665
6069
8284
4107
6072
1963
3885
6063
9408
1996
2632
1336
6064
7629
2641
6373
2244
1384
6137
5946
277
1533
3527
2893
2036
3676
8712
9190
2995
4960
6041
6118
2363
2199
1359
9214
1621
8832
8036
9079
5415
9949
9053
2478
5017
6757
4291
7200
5107
2587
5000
8176
7115
4529
8140
4356
8620
4927
6845
5277
3379
6695
3817
3456
5115
1246
6624
9105
8389
4022
4444
1997
9062
2863
345
2674
2379
5370
9017
3246
7470
9732
1095
6498
8822
8126
848
8057
2297
7046
1700
9100
2539
4821
2113
3151
2531
7702
4788
9077
7963
1005
1738
3566
6857
8784
4877
776
9013
1191
7306
4374
906
3832
8983
9567
4182
9892
2583
4720
5970
1516
1237
4692
4060
8250
4819
1614
7047
6323
2685
3650
357
1761
312
9083
2599
4285
846
5967
4928
4086
6382
5992
4624
8239
3508
7474
4912
867
7136
5917
3015
648
7814
6386
398
944
2623
6429
3756
7369
5492
7042
6002
6611
3405
6478
3183
7037
8709
816
365
3161
3805
8052
4843
4881
5938
3482
5741
9198
3025
5164
815
1069
8479
3449
2014
7080
9451
2271
1978
7289
1596
6825
1160
6001
3218
8076
2964
9325
1111
4609
2262
9870
7543
8536
4531
8014
3189
4046
5721
8346
5961
6193
866
3750
3019
8639
6000
685
5953
1467
9943
3063
9437
8879
6270
6010
8582
3409
5121
600
9689
3929
1662
6842
1735
6967
6568
2520
5276
2098
5285
7857
6109
4405
455
3402
3263
8056
1110
2605
1986
7909
7446
9011
6741
2769
9340
3497
4889
9573
4787
6669
9882
6558
1344
4002
9000
8358
936
3317
6304
8868
8975
62
5971
5265
896
3902
7238
1634
5476
4243
6651
5989
3174
2946
6881
847
4339
1726
5504
8583
7263
2270
4137
9812
7368
3226
8121
1612
1277
5493
2855
2993
8497
7460
6676
2922
5303
2748
3307
6056
806
2665
9942
2840
448
599
5338
2351
2051
6435
2072
5993
1873
4906
8649
1499
8400
1677
2945
2771
5448
7641
817
5269
4143
4833
6491
9163
3783
5879
6247
4742
1684
7192
6117
7345
7328
4286
2778
5038
3754
6119
8366
5926
354
1302
2096
8251
9204
6043
3567
775
5902
7365
356
4490
3068
764
1853
8376
3941
470
8730
3054
908
8160
5888
6951
6470
5807
196
3948
52
269
5778
4541
9571
6810
2354
5311
5124
8525
1349
9069
8783
5977
1358
6444
1960
3278
51
9554
9264
2263
4358
4045
2762
5393
4465
4516
7614
7161
205
5252
7262
4818
9211
8340
6082
6305
8549
7018
7771
9610
8396
6185
5371
786
4952
9162
7575
9585
8141
6663
1866
4546
4287
6994
9511
9726
777
638
4165
4415
9002
2725
4435
4552
9619
2458
6482
1871
8928
209
9142
1300
3831
8199
8170
6395
3075
899
9831
6946
3374
6731
9191
7547
40
5801
1029
6191
9962
3425
3408
3715
1348
9700
3909
1998
5250
8663
6730
2613
3970
4592
6655
8496
4698
8397
2899
972
4892
827
4226
5483
6773
7656
7247
4434
5509
7175
9119
6893
4447
8570
8835
1535
5171
4678
131
3920
6647
2034
4848
1131
8737
5263
9305
3961
5850
6337
9279
6419
100
3628
4239
8852
7324
2405
9307
7669
1572
3934
6182
3143
7363
2163
7067
3939
3677
9248
7522
9283
1356
7962
226
9731
1591
8950
4714
1643
1381
2194
3348
4311
1469
2991
9411
6869
844
9309
5862
9123
3150
9570
7628
1717
1417
3910
7382
287
3983
9293
8880
7147
2992
3470
5554
5786
8039
5668
2644
7239
2866
3255
9708
6944
8530
6187
3518
2979
8932
9717
7495
1852
2838
5264
3649
3217
2987
9462
2615
5027
7462
2614
8651
4786
492
4104
7809
1615
8147
2865
9241
8088
2635
5561
6361
9444
6095
6950
4760
2686
5935
5466
4474
3159
3104
236
6394
9665
2673
50
9031
2664
556
3442
5661
473
2691
9699
4695
1697
2346
8464
2810
6168
6747
5439
7515
1105
7496
1703
8331
5882
1028
3362
6889
3387
26
5559
3680
6999
2642
1934
7056
9239
7644
2593
9802
1402
9569
5827
2666
1255
5237
5620
9061
3762
2750
3870
6848
7888
3455
4679
3491
4726
509
2122
732
6011
5964
9356
2875
9171
5065
9045
2839
6870
664
1326
810
1198
7091
1213
9664
2701
6027
136
3324
5238
2881
4237
4620
2427
9848
3319
7374
6824
428
3862
5465
9716
6178
5785
7201
3469
6042
649
4332
4333
1508
5435
2606
2138
1777
645
8633
8507
4391
6528
3260
5660
4900
4316
6980
6363
2803
1968
4462
7772
6581
8379
5764
3863
8493
4136
9764
9010
9269
6414
9539
1753
2832
1473
1660
1154
5845
4772
1465
4364
6296
9378
1912
7433
996
8596
288
6524
6860
6303
7750
9463
2388
2854
5364
4003
9666
7893
6288
6362
7822
9836
4808
4473
4241
3865
621
3079
2192
1256
9001
2675
116
7031
8685
7139
9593
3400
6599
2588
3205
1796
7227
2729
3418
4085
3501
7389
1723
3384
6897
4997
2227
2973
6012
947
6231
6207
964
9597
4851
1264
1089
5335
9772
2233
7687
8516
8265
4429
5146
3667
3170
9029
5718
7353
8951
9387
7312
5880
2761
8537
7062
9060
7921
6145
2214
2939
9315
7826
2439
361
8594
2466
6635
5192
7290
2413
2328
3869
3634
5790
3894
2247
4899
7280
9354
2284
2595
7271
8374
4453
6646
2321
7866
9487
5702
6430
2200
5354
9754
8766
1219
738
8986
7084
305
8146
9347
3695
2144
7828
2118
572
7108
5705
6047
1321
2130
1919
9510
434
8668
2150
7712
8787
108
1167
3890
2255
6183
5852
4141
5535
951
3293
7388
8818
6493
6070
9681
4626
6320
1459
2310
3294
3840
5292
3148
256
5395
8732
9369
2525
1624
128
1153
3658
7401
2026
2
5712
2156
7223
1946
9316
3453
8617
9407
8505
4479
1210
5732
5649
9750
5986
913
3424
5407
8548
2230
2440
7028
2402
4400
6975
9895
3510
5441
833
2938
6888
6783
6912
7829
912
5682
4769
2822
484
6427
2715
5754
5587
6769
8483
2143
6436
3325
2319
9033
6326
1637
3323
1483
7304
7121
7099
8271
2516
8896
8142
5057
4801
5112
9808
2692
8307
6935
8706
7295
9544
5607
7796
5711
7114
7051
8424
1450
9755
8754
5945
81
9236
8167
5635
9109
7386
2602
2382
1930
3481
9110
8519
106
5287
3406
5671
3516
7264
5858
276
2737
160
8035
3070
9729
994
6746
4575
8409
7955
3974
6266
7423
5062
9801
2949
6998
8810
5663
1734
2734
6479
5249
1493
1872
4738
4441
350
4770
2127
3592
1999
4204
5309
7395
7841
142
2969
5701
4076
2877
94
1842
782
7743
130
5625
9426
132
214
9243
7709
6017
263
4882
88
4229
8700
144
5666
5893
2019
4727
8851
3072
2842
1559
7444
6732
6509
3128
3059
6402
8302
6553
9698
9235
7048
6644
111
1434
7494
2622
3691
6781
4693
1844
3369
4677
8127
9591
3699
3339
5639
6974
7170
1531
6286
5530
5553
1205
5280
7144
7333
6531
8862
3127
9400
7555
7237
5208
2327
1786
5839
4964
5158
371
5746
9941
3977
6127
9508
1826
451
3579
1118
60
7978
9842
3493
8929
2853
6249
5388
9330
8962
8264
9326
1393
9782
6285
9465
5326
9823
771
143
9917
9299
529
8609
1524
676
8317
3186
436
5791
2815
4253
303
940
1638
1
6861
5684
338
9374
5131
6705
859
2997
7350
4567
6708
9401
1790
508
2329
8158
8067
7260
9459
9348
1807
1152
6113
1226
8707
9528
2774
8408
2211
20
39
3007
8751
4599
9255
5569
2661
5159
1074
9263
3399
9655
329
7202
5066
9256
9282
2654
2905
3235
9908
8472
5167
4946
4245
8990
1272
4863
3530
5327
7813
9287
6349
9813
5562
8690
9925
3760
5884
4758
173
4080
2874
1890
9254
3525
1471
9730
351
5103
6445
3055
5089
9600
8541
1671
7332
7076
7530
4047
9633
3101
8677
6820
2570
6393
3464
9604
4033
9422
1828
9773
3300
1788
8833
9580
2695
1235
9620
4980
8128
9208
3944
9025
915
2053
6614
2620
4969
4302
5962
6295
5526
3240
3509
1846
3801
7603
1518
5471
4238
4938
9817
9768
9834
2442
2858
1892
9613
3963
7636
5468
8034
9713
8991
9947
2592
3802
1324
7781
7225
1692
5906
5219
8728
3560
905
2071
1232
7387
9218
2250
4361
6201
4270
3414
8136
5052
8228
8062
5520
19
2689
9167
4151
4724
9531
6501
483
1488
3149
2733
4099
8095
6347
4656
4168
3359
1035
4126
864
4152
1538
9697
6441
4817
7181
2618
4101
4122
7905
9368
9342
2056
2350
7731
3286
3450
4212
3590
3587
4747
1629
5780
7681
2610
504
5524
1810
3382
6062
6050
3383
5596
4470
4091
4419
1523
2976
5177
2461
758
2994
5683
1757
1502
1316
423
3611
4134
6471
3489
4186
715
6523
6079
1836
7298
4093
2779
6868
8840
9632
7464
6961
1049
7185
7273
5909
8558
5674
8080
3144
5533
6058
978
4309
4639
7071
728
9281
4728
9654
9446
9929
3081
4438
6102
5160
3656
8944
353
8078
4709
7149
6161
6836
4032
5547
1047
5470
6898
7010
4461
9228
9108
4298
9852
2912
670
937
3012
4078
314
5273
7445
8660
4757
5628
411
8691
4942
3368
8611
1216
8883
3980
1913
8646
466
1964
729
8847
3113
3989
2571
6929
7399
3373
3655
7361
7902
6552
2397
4854
3958
737
9486
3413
7120
9382
3008
5563
6085
1732
9745
8489
6937
2125
4178
3526
6996
3171
38
2032
4629
3435
3341
606
9375
6264
6608
4203
7904
6317
4026
5548
4425
9460
3809
7410
5225
9366
720
8884
4754
9737
3048
4644
8632
7482
8073
252
5651
9367
1101
3529
4135
7704
4603
7394
3037
7011
745
2603
8111
6788
8839
5201
6643
9469
8890
2300
3789
1472
8897
3696
7526
986
8792
1605
1215
4955
7851
84
2282
8826
9675
2120
5500
3945
1462
4630
1781
3417
1308
4411
4065
8188
7242
543
3177
5426
5542
4537
5662
9876
2718
8108
5077
5251
8557
6282
4935
1837
8386
9856
8506
6567
6616
1515
9436
2288
9397
5695
4962
865
4231
680
5245
2348
5111
9503
1388
331
3826
1432
5717
7442
6123
2783
7355
3001
9423
749
1054
8997
9268
7132
794
9434
1451
8812
9939
3209
620
317
5078
6202
4830
2370
2500
8653
8434
8169
4917
4884
7929
157
3535
8112
5420
8433
4593
7249
8521
1445
8906
1441
2580
7821
1558
1610
2083
2604
6151
8298
3745
3886
241
3537
7953
521
2322
9914
2376
7090
6751
3521
9626
4177
842
9092
669
5433
537
6054
617
7489
581
7096
557
627
8774
598
268
2829
9843
9961
3578
120
1163
3889
607
7022
4674
2843
791
4623
5655
7009
3014
3345
547
3436
2754
2266
6437
3591
3266
8194
1478
628
7061
4921
7411
163
8129
6714
5541
3737
5898
9450
5543
8814
7525
1201
7552
8584
1609
4254
8989
1804
416
1135
3602
6875
6157
2452
1347
594
1100
593
145
85
6152
7156
11
6400
2001
5106
485
1312
3657
4689
59
1234
1036
7939
5044
3815
1354
3827
636
5975
6258
7707
5784
2178
8540
9111
8491
1831
7819
7760
6566
601
9853
6440
7967
1791
225
8656
1554
8593
3395
4276
2489
349
304
6348
8925
1086
2971
67
9919
1835
7683
5233
7349
6224
802
6679
221
1599
6943
5859
9103
6225
6782
8912
7820
5460
2724
1676
6023
4066
3900
8619
2468
1188
4263
1287
7895
4715
8808
8898
5920
1490
3103
748
9498
3299
306
9030
2067
5001
1301
6094
1674
8072
1670
3679
6865
348
9790
5352
8952
8482
9550
7790
5425
4338
733
1419
3354
5575
1442
8955
2220
9694
3908
2183
8166
5841
3541
2353
2872
7927
2833
5595
6992
316
8644
4279
8905
8049
6086
8577
3511
8937
1705
2377
2900
5570
9361
8963
6457
1522
7871
7744
5430
6150
3006
459
1701
3556
7972
2688
3935
1898
2020
3928
7402
1815
4163
8604
7297
5771
8672
4014
9336
2249
984
1990
6965
5118
2852
6953
7171
5484
5099
6744
931
5899
7092
3016
8071
7867
9186
6561
4443
5474
1207
6633
5344
9880
7931
1310
3118
4802
6847
9393
5206
1668
9360
9927
4683
8256
836
5086
7319
1663
8260
231
389
5908
5434
7356
6793
4069
6622
2456
8181
8618
5737
6453
9014
5348
8753
4334
4077
2844
6226
4834
2560
3620
8323
2660
1431
5713
1223
7131
9890
5538
3627
6352
1922
4219
1763
743
4487
7710
6813
92
1622
7236
391
1899
7486
1834
5093
8978
9468
8196
2074
1560
2479
9505
9865
722
9974
7987
4859
9621
1477
7130
3704
824
8673
3073
9749
4703
9936
1120
5328
4306
1938
5745
4307
1772
2948
1741
8443
3479
4778
9052
6005
4067
5616
262
8313
3736
2490
6859
3465
1075
979
5486
5606
2911
9747
4867
1901
6931
9926
3285
7497
164
9769
7833
4795
5386
7957
4172
4369
6821
4721
6752
1809
3506
7850
9523
6696
4926
3321
7660
2176
7578
9884
4837
9601
9858
4999
415
5347
9578
8638
2198
2526
9479
5949
9540
4362
5350
3891
5779
4874
264
1088
2457
6174
6799
634
7787
4198
5749
2608
5076
4633
4271
4305
3172
4439
4963
1241
6177
7646
3023
5296
8927
3178
1426
8987
4660
4646
7886
5999
4873
9774
7604
8626
3717
9824
2006
6153
4647
7802
3988
6854
3477
8470
5363
3700
5952
4096
2136
3881
1611
2634
7119
7357
914
1669
8387
826
1063
6165
3946
9963
27
9901
9728
3825
4663
8362
9041
3232
3593
9173
1575
7212
8373
7595
2700
3976
629
8490
8094
9634
8335
9210
1907
597
813
8964
734
360
3132
6235
8475
5458
4855
1187
6787
435
1476
1423
2515
3637
1482
7930
5838
3644
3618
8202
445
8334
5816
3938
2627
9753
4956
2108
9481
4655
9807
8291
6627
2682
1725
4896
1859
6351
8321
8258
7420
8333
8350
8885
3352
2710
284
1367
8217
141
3342
8132
97
5644
7437
9046
834
871
9398
5892
3522
5316
3268
6346
6979
8048
5455
2228
9835
58
1948
2782
4718
4195
7540
7125
9363
511
8109
3559
2880
6215
3017
9150
5783
9168
2347
9051
117
9089
7617
9059
9156
1104
9615
5343
9234
2552
2873
1064
5075
5372
3682
5605
7097
5450
8351
9564
7971
7705
4102
6995
5913
5248
4800
6271
4389
7724
9306
2245
9337
4341
5507
6221
1225
1313
1561
5130
7952
3603
2372
4495
7926
4520
9018
5744
3280
838
9491
9070
21
2315
9159
301
3608
9981
215
4525
2713
327
7025
4200
7545
6930
7100
8135
6103
9975
938
9174
1773
3581
9196
5673
7129
8692
9185
2158
8869
8065
6500
823
2753
4979
503
9562
9734
5381
841
6603
3814
6972
4478
6510
2789
5944
3158
9608
2904
4064
9467
5987
6666
7524
8592
550
6431
3793
9957
9948
8246
1865
6803
9197
4373
6455
2281
3937
4292
9131
2577
1325
9693
9144
172
1509
1600
2018
298
7870
4794
9112
1107
3147
4121
5043
6078
1022
9457
206
7755
8001
2937
8974
9647
1869
9081
9324
1756
7305
2181
1736
2929
770
8946
6057
7865
513
8755
15
4401
4053
2497
8701
6544
6197
6490
870
3735
9091
7065
2884
7072
4799
3201
619
6294
3643
7946
1353
3718
1954
6396
5188
6114
5385
8910
9841
8901
1943
6835
721
9286
1724
4753
9928
8637
6458
2296
5312
7923
1013
2596
5758
8168
5951
3334
1833
9321
4667
714
372
6504
5875
6737
7354
3574
6688
2371
3877
559
5346
9709
5380
4236
9176
7261
3252
1306
8625
3580
5981
6503
2999
5997
6645
1062
4323
6468
7124
3451
8515
2480
6200
3146
5323
7756
6416
4604
233
837
7779
9007
3873
3982
2625
4469
2586
8844
4025
1647
5856
2626
5594
192
7066
2759
2657
8789
2109
1016
7451
7915
1526
6216
3952
3452
7827
856
3687
6890
9800
6265
9771
224
5291
9246
772
2401
7455
675
2380
5396
103
99
1884
5868
7257
3241
2680
9373
374
3841
6253
5877
3536
3463
3635
6698
5298
8492
4965
1204
605
5289
4366
7514
3173
7889
6413
5469
118
6522
6433
5876
4272
9295
6116
5302
4402
5195
5897
8412
7054
3702
1900
5831
3228
2465
7379
3553
1935
1252
2407
7740
2989
5226
3666
1161
5881
4244
3347
3093
1764
5664
4526
9301
7922
5734
6801
5315
6547
5033
8797
3992
7913
558
48
3251
7400
370
7891
1808
6350
2396
3135
6586
6452
9104
5985
5976
2126
6016
8349
7672
2781
916
8183
4363
6426
9682
5688
6565
3807
2704
9075
9402
4320
5180
6175
4396
4898
1758
137
1134
3765
6852
3038
6811
9940
4451
3259
1520
8401
3239
3619
6034
8063
3156
5200
5782
7706
7990
945
1595
6919
535
1983
1461
8459
9606
9616
2830
1448
5781
8268
4297
6411
1048
8538
1656
7568
296
1489
1513
1511
4598
297
746
2415
9832
3678
5047
3304
1233
9889
1713
7205
6412
3748
3752
3002
1606
5056
8998
9395
9355
1858
8145
2986
2424
5290
7688
7596
9857
5446
8320
3916
2706
9855
367
1433
8770
1843
3804
8029
835
7976
1512
1856
7954
2008
1501
857
2381
8064
6276
7246
6214
5094
757
6831
3094
8091
6718
3589
3552
1024
9273
1765
1906
595
9816
5313
3975
6061
4530
2690
4431
5847
5672
6322
6045
5731
7686
9132
8569
774
4348
2253
4737
4261
9206
3318
3927
8406
7908
9151
6442
8853
4260
9152
2090
4275
552
1681
5537
8634
6562
5227
1911
8872
8568
7453
2775
9482
3906
1280
438
5689
882
1789
5148
2535
4278
6018
6520
3953
5589
3641
2052
9493
4337
4409
183
1041
6494
1888
9680
4777
6704
6563
573
4155
869
9473
4255
6778
2155
9886
6434
8813
7291
5032
9184
1151
9331
884
8539
4242
7728
8097
8322
633
3039
2791
1545
7377
5638
4868
4378
1972
9272
3336
8889
5769
9530
8216
5806
5005
1166
3642
422
3688
7158
9160
3248
4230
7203
9833
4274
8205
5489
2336
4675
4967
2559
4220
5031
4897
1274
5634
2449
6833
413
5045
1162
3918
2624
4322
3769
213
6521
3837
542
4527
9605
9492
9183
2647
4388
8435
8484
9660
4452
5491
9977
672
1015
8791
8426
2283
3554
8876
1549
3726
1335
5445
3095
8487
5278
2110
240
5284
7864
9296
7013
8407
8458
4318
4919
8436
7414
7679
5473
5353
8460
6934
452
9966
1399
8319
3883
5244
0
98
9897
3089
8915
1366
8888
2000
3437
5768
8311
307
6834
4864
4632
6725
698
3612
5770
7968
2738
5857
894
2988
5217
3654
9365
6469
5179
1640
2091
2338
1555
4749
9542
1889
437
9319
202
683
7041
2812
315
5322
4336
5517
9541
1955
4319
1179
7296
495
9770
9432
7027
3555
4732
1345
9888
5968
4153
2563
7427
5643
8345
2652
4925
1224
8237
1577
8920
3388
9409
2070
2131
156
1058
2021
8347
2462
7602
8670
2431
8874
5837
8804
2611
1279
2646
5593
5912
4936
7083
5681
7191
6273
3097
3129
8887
7030
8590
8006
1759
1920
1413
2693
7799
9854
7182
1055
7082
4379
8681
5805
9448
7940
4197
3284
369
2517
9137
3227
6245
8432
3797
2339
2496
1891
3597
2445
8976
5930
1487
4858
9177
1203
2345
4616
8308
2331
5608
5114
7812
7838
6291
5300
2248
3991
8669
3803
290
2408
8825
8954
2534
5490
6973
3709
3343
1568
8134
1103
6702
536
1087
2023
1682
2814
2503
6932
4353
2736
239
2046
3784
9222
8310
1857
5636
6220
1971
2467
2917
3040
6367
6358
6936
9440
3823
6529
6454
2799
6585
6046
9653
313
2519
4953
4249
9182
8266
4643
2337
8846
5653
8945
1774
222
512
9979
7234
2486
5830
9590
9050
4169
7499
5519
3936
403
6545
7618
3808
6546
7326
1102
4954
5301
6502
5645
5308
1819
6662
9673
1783
5657
5456
7741
6024
5609
5485
4273
9967
3303
8757
8471
773
4885
6942
9641
2205
7351
5656
9341
7942
1017
4335
1292
223
8125
1715
1870
1981
2044
3083
9748
6465
3062
5512
7017
2002
2212
8765
3576
8798
3690
8206
9380
9302
5503
6819
6711
7492
8022
7113
9818
36
880
6620
1618
9121
1579
576
8238
4735
4349
7045
2934
9752
5331
3913
8943
2518
2187
6290
2594
464
7057
9381
2888
3901
2202
3460
1747
9466
3130
6699
4691
3056
352
5640
3972
2707
1578
4798
9815
8871
7553
1396
4412
2708
5389
1641
6770
6115
9579
6726
7461
1936
4903
2760
5279
8118
4034
9405
9958
963
9995
9985
8716
4661
6158
533
604
4959
4594
9421
5023
5679
6038
1733
6628
8924
3995
4208
618
7478
1966
2414
5467
9920
9938
4950
1404
8372
3874
1580
2082
9789
8033
3500
4071
5865
3071
4638
9976
6735
3370
4746
6997
9587
5772
8043
9987
7872
8977
9237
9392
6969
330
3224
9710
9986
5026
1795
2193
9980
822
8461
8093
5025
3824
626
9898
5125
3264
2601
6475
5064
2982
4480
8802
9978
2487
8031
671
6634
9042
3415
4251
3069
9072
4410
4676
5525
234
6080
2891
8363
2069
2716
9127
8245
7381
9990
6590
9959
9960
9984
3330
2549
5157
1639
7184
704
3024
7805
6779
384
4883
1821
6933
6125
7757
2481
6392
5518
596
6359
1425
8988
2256
4430
1918
7098
3279
439
1805
2254
6802
3998
9814
6597
8417
6519
7498
4156
7977
8933
840
650
8930
3517
5457
412
4628
3871
6100
7695
2443
4776
1070
4372
6275
2723
7146
7286
2536
3000
3353
2585
5933
5998
5502
8425
210
5366
744
444
9114
5928
8907
3588
5345
7848
6033
1675
4797
6369
5846
7123
7148
5529
2375
3461
6272
3907
7154
8796
799
7557
7012
4662
6530
3771
7026
2273
3685
6970
7574
9359
5297
4615
3573
4719
4031
460
5980
3838
3340
8931
5592
219
7426
270
2203
3100
5377
194
1094
2702
2933
188
6777
6564
7422
7107
9303
7157
3558
2901
7105
3744
4256
3914
8159
1718
9143
8953
2092
37
7832
5147
9
5332
6126
2902
1585
1293
1254
61
3672
3253
4842
8309
5826
7975
3322
5523
9165
9631
9435
9372
1766
2229
3335
6812
7409
8715
2653
635
3990
1576
1928
8736
2268
6467
7034
7668
1941
2659
309
1594
1411
1537
5196
3110
7230
8133
1965
5546
1317
3701
1982
3249
1984
3625
9937
5891
9175
2394
5680
7541
7658
6321
1273
3915
4549
6261
7128
2705
3131
3790
3480
8162
6229
6366
9563
2068
1886
8517
3029
2411
9253
8720
4223
2267
1228
3084
1967
9794
6006
8437
8044
9022
4205
6832
9543
140
9527
2219
8636
9265
8671
7659
2169
186
4321
9672
1346
8547
6685
9410
7016
6738
7325
6619
4910
3780
2043
8431
6422
7717
8030
3238
877
5704
1985
7906
4222
4296
6838
2970
4796
7880
5723
1980
3742
9057
566
9073
8207
5896
8287
2621
2384
4468
3145
3681
5169
3013
5007
7542
6198
952
6719
2553
3065
1072
7969
7454
6289
651
1012
9244
3636
560
5299
2735
7334
2349
858
637
8764
6376
3462
4923
7106
4015
8771
3653
7506
9497
9589
8803
7145
8283
5022
4872
3047
6874
2916
6401
2831
155
3849
3626
9622
2590
4970
6246
8726
7593
7730
1860
1743
5051
9386
8870
3371
179
8567
8788
4519
6745
9746
392
8585
6728
7849
7797
6148
3925
8961
7502
1014
8873
7256
9449
1460
9921
5402
6605
3919
6368
6019
3295
8843
8936
4079
7587
1883
2747
3423
9166
5030
5963
3314
5024
4768
2932
3794
7723
337
6052
4759
3085
4614
4413
4981
6199
414
8364
4690
9614
3951
7015
1581
2119
2218
6694
2112
980
6837
3191
2801
1942
4536
6844
735
1909
5168
9209
5969
4974
8934
8016
949
7986
168
308
404
7179
3686
4214
254
2286
1602
2751
302
4112
9526
6733
5919
2306
1139
7985
5046
8520
6591
9474
5060
4171
5156
8711
7638
9377
9646
6037
7742
328
1785
7513
7917
2111
8444
7758
8858
25
2547
5325
727
4170
4367
4512
4741
9266
8124
1444
1742
4290
4097
9504
1714
3785
6443
9433
7204
2488
4426
6055
5700
8610
4491
7941
9674
6007
1760
2311
4645
5501
6170
6385
7001
4380
7778
4657
9424
7943
5295
7992
6060
7928
3917
3795
4574
681
2697
1823
5864
2752
6101
4213
756
4836
7970
7592
7187
4990
8348
3839
5929
812
7984
4202
9074
1137
2307
3157
7729
496
5552
2658
7014
8845
5247
91
8790
8275
8686
1822
522
6543
1617
8635
8092
4221
4068
582
212
255
520
465
3763
494
4736
2469
7947
6855
4154
8227
3296
3727
9727
7896
7421
220
4262
8664
5061
2671
2569
4175
5422
3403
8992
5665
5324
5246
7718
3090
3684
2703
1403
47
3796
2139
2741
7240
1603
1570
475
178
8745
1405
1510
253
5918
6665
747
8012
184
2955
7948
3376
8655
8861
8257
2885
7392
1532
7759
3067
6405
129
924
2524
3866
534
119
9439
5459
3575
1253
5907
7892
9396
5202
8914
9071
6192
6537
211
917
1709
5982
6053
9090
8008
1217
5532
2252
1525
2089
7122
946
7685
232
1073
9524
1408
2141
8365
789
6736
